1111111
1000001
1000001
1000001
1111111
-------
0001000
0001000
0001000
0001000
0001000
-------
1111111
0000001
1111111
1000000
1111111
-------
1111111
0000001
1111111
0000001
1111111
-------
1000001
1000001
1111111
0000001
0000001
-------
1111111
1000000
1111111
0000001
1111111
-------
1111111
1000000
1111111
1000001
1111111
-------
1111111
0000010
0000100
0001000
0110000
-------
1111111
1000001
1111111
1000001
1111111
-------
1111111
1000001
1111111
0000001
0000001