1111111001111111001111111001111110001111111001111111
0001000001000000000001000001000001000001000001000000
0001000001111111000001000001111110000001000001111111
0001000001000000000001000001000010000001000000000001
0001000001111111000001000001000001001111111001111111
0000000000000000000000000000000000000000000000000000
1111111001111111001000000001111111001000001001000001
1000000001000001001000000001000001000110110000110110
1001111001111111001000000001111111000001000000001000
1000001001000001001000000001000001000110110000001000
1111111001000001001111111001000001001000001000001000